1769645593983 0.00016626698641087132 0
1769646152707 0.0003325322033029115 1
1769646710808 0.0004971935921398269 2
1769647267987 0.0004945915311816169 3
1769647824750 0.000490412269744734 4
1769648381540 0.00048507392364451236 5
1769648938230 0.0004786025007665437 6
1769649494519 0.00047102952923258444 7
1769650050846 0.00046239190379871543 8
1769650607356 0.0004527317061077995 9
1769651163802 0.0004420959996719471 10
1769651720358 0.00043053660058381616 11
1769652276691 0.00041810982507381743 12
1769652832983 0.00040487621514310047 13
1769653389573 0.0003909002436090098 14
1769653946149 0.00037625 15
