1769617827354 1.11658 0
1769618404390 1.00353 1
1769618960683 0.9694 2
1769619516898 0.90867 3
1769620076808 0.87922 4
1769620631492 0.85641 5
1769621189363 0.83766 6
1769621746024 0.81954 7
1769622303972 0.81212 8
1769622862124 0.79875 9
1769623423197 0.79276 10
1769623994051 0.77496 11
1769624584243 0.7691 12
1769625166827 0.75777 13
1769625748466 0.74737 14
1769626304088 0.74238 15
1769626860040 0.73666 16
1769627414945 0.72501 17
1769627970766 0.72031 18
1769628527219 0.71389 19
1769629082070 0.70165 20
1769629637129 0.69677 21
1769630192204 0.69392 22
1769630746967 0.68205 23
1769631301692 0.68287 24
1769631856905 0.67377 25
1769632413948 0.66986 26
1769632969676 0.66494 27
1769633526181 0.65485 28
1769634090699 0.653 29
1769634665574 0.64937 30
1769635248282 0.64203 31
1769635804466 0.63479 32
1769636360364 0.62818 33
1769636915766 0.62199 34
1769637471760 0.61899 35
1769638029813 0.61364 36
1769638588474 0.60917 37
1769639146344 0.60275 38
1769639707405 0.5964 39
