1769617827354 1.06588 0
1769618404390 0.71344 1
1769618960683 0.67525 2
1769619516898 0.60276 3
1769620076808 0.56837 4
1769620631492 0.54833 5
1769621189363 0.52935 6
1769621746024 0.51301 7
1769622303972 0.50412 8
1769622862124 0.49386 9
1769623423197 0.49178 10
1769623994051 0.47703 11
1769624584243 0.4727 12
1769625166827 0.46312 13
1769625748466 0.45271 14
1769626304088 0.44811 15
1769626860040 0.44704 16
1769627414945 0.43608 17
1769627970766 0.42931 18
1769628527219 0.42573 19
1769629082070 0.41452 20
1769629637129 0.41109 21
1769630192204 0.40401 22
1769630746967 0.40046 23
1769631301692 0.39591 24
1769631856905 0.38839 25
1769632413948 0.38454 26
1769632969676 0.38101 27
1769633526181 0.3718 28
1769634090699 0.37004 29
1769634665574 0.36594 30
1769635248282 0.36284 31
1769635804466 0.35434 32
1769636360364 0.34826 33
1769636915766 0.34363 34
1769637471760 0.3393 35
1769638029813 0.33728 36
1769638588474 0.33438 37
1769639146344 0.32903 38
1769639707405 0.32317 39
