1769617827354 1.15075 0
1769618404390 1.08368 1
1769618960683 1.06792 2
1769619516898 1.0386 3
1769620076808 1.0225 4
1769620631492 1.01185 5
1769621189363 1.00498 6
1769621746024 0.99482 7
1769622303972 0.99242 8
1769622862124 0.98615 9
1769623423197 0.98349 10
1769623994051 0.97617 11
1769624584243 0.97386 12
1769625166827 0.97062 13
1769625748466 0.96652 14
1769626304088 0.96298 15
1769626860040 0.96119 16
1769627414945 0.95566 17
1769627970766 0.95311 18
1769628527219 0.95055 19
1769629082070 0.94404 20
1769629637129 0.94254 21
1769630192204 0.94024 22
1769630746967 0.9357 23
1769631301692 0.93586 24
1769631856905 0.93203 25
1769632413948 0.93029 26
1769632969676 0.92842 27
1769633526181 0.92239 28
1769634090699 0.92151 29
1769634665574 0.92049 30
1769635248282 0.91804 31
1769635804466 0.91243 32
1769636360364 0.91058 33
1769636915766 0.90782 34
1769637471760 0.90629 35
1769638029813 0.90569 36
1769638588474 0.90196 37
1769639146344 0.9003 38
1769639707405 0.89657 39
