1769617863539 0.8017 0
1769618433418 0.83116 1
1769618989815 0.82238 2
1769619547127 0.86041 3
1769620105264 0.8823 4
1769620660808 0.89151 5
1769621218678 0.89702 6
1769621776853 0.90628 7
1769622334452 0.89902 8
1769622892306 0.90777 9
1769623458603 0.90687 10
1769624046461 0.90981 11
1769624619895 0.90994 12
1769625207371 0.9132 13
1769625776952 0.90978 14
1769626333622 0.90923 15
1769626888747 0.91013 16
1769627443781 0.91103 17
1769627999509 0.91104 18
1769628555699 0.90465 19
1769629110757 0.91088 20
1769629665942 0.914 21
1769630220771 0.91384 22
1769630775458 0.91099 23
1769631330385 0.91111 24
1769631886118 0.91719 25
1769632442652 0.91416 26
1769632998218 0.9112 27
1769633556912 0.91114 28
1769634124657 0.9112 29
1769634705826 0.90933 30
1769635276999 0.91299 31
1769635833615 0.90994 32
1769636388867 0.90888 33
1769636944443 0.90969 34
1769637501494 0.90699 35
1769638061438 0.91258 36
1769638616994 0.91122 37
1769639174982 0.91077 38
1769639735957 0.90953 39
