1769617863539 0.50418 0
1769618433418 0.49478 1
1769618989815 0.56113 2
1769619547127 0.60952 3
1769620105264 0.60872 4
1769620660808 0.64288 5
1769621218678 0.66245 6
1769621776853 0.66698 7
1769622334452 0.66632 8
1769622892306 0.68846 9
1769623458603 0.68377 10
1769624046461 0.68668 11
1769624619895 0.69207 12
1769625207371 0.68748 13
1769625776952 0.69086 14
1769626333622 0.69467 15
1769626888747 0.68836 16
1769627443781 0.70048 17
1769627999509 0.69736 18
1769628555699 0.68875 19
1769629110757 0.69839 20
1769629665942 0.70444 21
1769630220771 0.70248 22
1769630775458 0.70367 23
1769631330385 0.7051 24
1769631886118 0.70833 25
1769632442652 0.70739 26
1769632998218 0.70677 27
1769633556912 0.7067 28
1769634124657 0.7014 29
1769634705826 0.70288 30
1769635276999 0.70845 31
1769635833615 0.70706 32
1769636388867 0.70647 33
1769636944443 0.70711 34
1769637501494 0.70838 35
1769638061438 0.71295 36
1769638616994 0.70759 37
1769639174982 0.70896 38
1769639735957 0.70651 39
