1769617863539 0.7168 0
1769618433418 0.75806 1
1769618989815 0.78865 2
1769619547127 0.80925 3
1769620105264 0.84857 4
1769620660808 0.83525 5
1769621218678 0.85831 6
1769621776853 0.86539 7
1769622334452 0.8597 8
1769622892306 0.87094 9
1769623458603 0.86493 10
1769624046461 0.88378 11
1769624619895 0.86629 12
1769625207371 0.88609 13
1769625776952 0.87255 14
1769626333622 0.87716 15
1769626888747 0.87443 16
1769627443781 0.87657 17
1769627999509 0.87753 18
1769628555699 0.87148 19
1769629110757 0.87708 20
1769629665942 0.88582 21
1769630220771 0.87961 22
1769630775458 0.87368 23
1769631330385 0.87659 24
1769631886118 0.88396 25
1769632442652 0.8814 26
1769632998218 0.8829 27
1769633556912 0.87845 28
1769634124657 0.88264 29
1769634705826 0.87588 30
1769635276999 0.88664 31
1769635833615 0.87834 32
1769636388867 0.87759 33
1769636944443 0.87492 34
1769637501494 0.87841 35
1769638061438 0.87687 36
1769638616994 0.87223 37
1769639174982 0.88635 38
1769639735957 0.88153 39
