1769617863539 0.76111 0
1769618433418 0.80003 1
1769618989815 0.75921 2
1769619547127 0.8298 3
1769620105264 0.84936 4
1769620660808 0.86443 5
1769621218678 0.86392 6
1769621776853 0.88041 7
1769622334452 0.86808 8
1769622892306 0.87338 9
1769623458603 0.88008 10
1769624046461 0.87623 11
1769624619895 0.88256 12
1769625207371 0.87847 13
1769625776952 0.88729 14
1769626333622 0.87479 15
1769626888747 0.88541 16
1769627443781 0.87971 17
1769627999509 0.8876 18
1769628555699 0.87309 19
1769629110757 0.88074 20
1769629665942 0.8804 21
1769630220771 0.8881 22
1769630775458 0.88838 23
1769631330385 0.8803 24
1769631886118 0.88593 25
1769632442652 0.88495 26
1769632998218 0.87708 27
1769633556912 0.88372 28
1769634124657 0.88305 29
1769634705826 0.88523 30
1769635276999 0.88542 31
1769635833615 0.88227 32
1769636388867 0.88337 33
1769636944443 0.88721 34
1769637501494 0.88179 35
1769638061438 0.88397 36
1769638616994 0.88743 37
1769639174982 0.88045 38
1769639735957 0.88122 39
