1769617827354 0.06741167066346923 0
1769618404390 0.03474467871713574 1
1769618960683 0.0020763853528616844 2
1769619516898 0.001995606344957049 3
1769620076808 0.0019921935543013333 4
1769620631492 0.001987811457189186 5
1769621189363 0.001982464378221402 6
1769621746024 0.00197615759431936 7
1769622303972 0.001968897329517345 8
1769622862124 0.0019606907488201736 9
1769623423197 0.001951545951132202 10
1769623994051 0.0019414719612646833 11
1769624584243 0.001930478721029369 12
1769625166827 0.0019185770794271414 13
1769625748466 0.0019057787819413594 14
1769626304088 0.0018920964589464841 15
1769626860040 0.001877543613243425 16
1769627414945 0.0018621346067339043 17
1769627970766 0.0018458846462469948 18
1769628527219 0.0018288097685318161 19
1769629082070 0.001810926824431198 20
1769629637129 0.0017922534622519335 21
1769630192204 0.0017728081103480313 22
1769630746967 0.0017526099589341552 23
1769631301692 0.0017316789411471977 24
1769631856905 0.001710035713374682 25
1769632413948 0.0016877016348694016 26
1769632969676 0.0016646987466704152 27
1769633526181 0.001641049749851203 28
1769634090699 0.0016167779831164468 29
1769634665574 0.0015919073997695487 30
1769635248282 0.0015664625440736093 31
1769635804466 0.0015404685270292066 32
1769636360364 0.0015139510015928675 33
1769636915766 0.001486936137360698 34
1769637471760 0.0014594505947421515 35
1769638029813 0.0014315214986494217 36
1769638588474 0.0014031764117284327 37
1769639146344 0.0013744433071578314 38
1769639707405 0.0013453505410428385 39
